1.000000000000000000e+00 4.170220047025740007e-01 1.739073524061536535e-01 7.252319273293120205e-02 3.024376722091811492e-02 1.261231643622526787e-02 5.259613484177885073e-03 2.193374559132551561e-03
1.000000000000000000e+00 7.203244934421580981e-01 5.188673758527017066e-01 3.737528796747591753e-01 2.692233537242687547e-01 1.939281758942328626e-01 1.396912150651750117e-01 1.006230037301417551e-01
1.000000000000000000e+00 1.143748173448866368e-04 1.308159884267618053e-08 1.496205478210168562e-12 1.711282282807068007e-16 1.957275985215990438e-20 2.238630833026119506e-24 2.560429926299938016e-28
1.000000000000000000e+00 3.023325726318397688e-01 9.140498447418667072e-02 2.763470410745422906e-02 8.354871186726306118e-03 2.525949699890596423e-03 7.636768711065475973e-04 2.308843931010764235e-04
1.000000000000000000e+00 1.467558908171130438e-01 2.153729148952440373e-02 3.160724398332981355e-03 4.638549247047403317e-04 6.807344268494906541e-05 9.990178722217386958e-06 1.466117577801180884e-06
1.000000000000000000e+00 9.233859476879779926e-02 8.526416083876251634e-03 7.873172795992091797e-04 7.269977123538365143e-05 6.712994715888393068e-06 6.198684987554992406e-07 5.723778611652708755e-08
1.000000000000000000e+00 1.862602113776709034e-01 3.469286634245464379e-02 6.461900618242887029e-03 1.203594975055422359e-03 2.241818544669255196e-04 4.175615960004780240e-05 7.777511113424665520e-06
1.000000000000000000e+00 3.455607270430477440e-01 1.194122160745197531e-01 4.126417220453255930e-02 1.425927734782779337e-02 4.927446247423833414e-03 1.702731907725317300e-03 5.883972759929562970e-04
1.000000000000000000e+00 3.967674742306699365e-01 1.574244286073853416e-01 6.246089292075869548e-02 2.478245072236176169e-02 9.832870378357517691e-03 3.901363144458483943e-03 1.547934000883416979e-03
1.000000000000000000e+00 5.388167340033569452e-01 2.903234728420442945e-01 1.564311454412626035e-01 8.428771888306524351e-02 4.541563340516629327e-02 2.447070326406545690e-02 1.318522441150903578e-02
1.000000000000000000e+00 4.191945144032948045e-01 1.757240409058141439e-01 7.366255399649747349e-02 3.087893855226823969e-02 1.294428165170726300e-02 5.426171861286905110e-03 2.274621478460986650e-03
1.000000000000000000e+00 6.852195003967594955e-01 4.695257637239846904e-01 3.217282092423557338e-01 2.204544428005910939e-01 1.510596831560670206e-01 1.035090406222930332e-01 7.092641310175551439e-02
1.000000000000000000e+00 2.044522497315174325e-01 4.180072242027876861e-02 8.546251739228674302e-03 1.747300394857196227e-03 3.572394966853225089e-04 7.303841879026914724e-05 1.493286903850326412e-05
1.000000000000000000e+00 8.781174363909454161e-01 7.710902320938061161e-01 6.771077778323121299e-01 5.945801460304797059e-01 5.221111935612388066e-01 4.584749428010116978e-01 4.025948414219097105e-01
1.000000000000000000e+00 2.738759319792616331e-02 7.500802611750914022e-04 2.054289305885761608e-05 5.626203982044934529e-07 1.540881859087989132e-08 4.220104552276603538e-10 1.155785067304679480e-11
1.000000000000000000e+00 6.704675101784022262e-01 4.495266822048258892e-01 3.013930353766274828e-01 2.020742380140785333e-01 1.354842112324970704e-01 9.083776177353702908e-02 6.090376796648221125e-02
1.000000000000000000e+00 4.173048023671269702e-01 1.741432980786669082e-01 7.267083458827777731e-02 3.032588826571543106e-02 1.265513880933195195e-02 5.281050199756828940e-03 2.203807609900400050e-03
1.000000000000000000e+00 5.586898284457516572e-01 3.121343244087433910e-01 1.743862721559514550e-01 9.742783647410267756e-02 5.443194124555716940e-02 3.041057191644956983e-02 1.699007720693840318e-02
1.000000000000000000e+00 1.403869385952337678e-01 1.970849252814193750e-02 2.766814930352885695e-03 3.884246777318265580e-04 5.452975138161139581e-05 7.655264858823643403e-06 1.074699197665925663e-06
1.000000000000000000e+00 1.981014890848787902e-01 3.924419997764635321e-02 7.774334453516509001e-03 1.540107231885497760e-03 3.050975359869078480e-04 6.044027619513383864e-05 1.197330871495736433e-05
