2.464305451390848556e-01
8.926202555274609374e-01
1.308309504815439142e-08
1.190396885816409067e-01
2.469801588785738508e-02
9.313733363475460922e-03
4.115476696069753082e-02
1.606763882790523124e-01
2.198853215281440510e-01
4.467546182833068702e-01
2.493865949023116313e-01
7.912539729663403687e-01
5.034697415950744465e-02
1.448198009926118246e+00
7.706231542339489742e-04
7.509197175814533720e-01
2.468141326669446856e-01
4.865205965646948183e-01
2.247530745849482189e-02
4.701853443116286307e-02
